[cosmological_parameters]
omega_m  =  0.0    0.26177162892964589    1.0
h0  =  0.5    0.70117320760912305    0.8
w  =  -2.0    -0.92298157274278747    0.0
omega_b  =  0.05
tau  =  0.08
n_s  =  0.96
a_s  =  2.1e-09
sigma8_input  =  0.8
omega_k  =  0.0
wa  =  0.0

[planck]
a_planck  =  1.0

