[cosmological_parameters]
omega_m  =  0.0    0.28953333605010256    1.0
h0  =  0.5    0.66393245049239891    0.8
w  =  -2.0    -0.82898384788057289    0.0
omega_b  =  0.05
tau  =  0.08
n_s  =  0.96
a_s  =  2.1e-09
sigma8_input  =  0.8
omega_k  =  0.0
wa  =  0.0

[planck]
a_planck  =  1.0

